world: 2d2b6e5e-bde8-44e1-8830-c11e071d3306
x: 64.5
y: 52.0
z: -111.5
yaw: -0.9000222086906433
pitch: 10.050005912780762
name: Spawn
lastowner: be4a9d11-3de7-4789-aaa1-143ab73bdc89
